$ANSIBLE_VAULT;1.1;AES256
38653239383237313130306361386663623233353231636534646564333363306364333862663433
6230386561313636306534313366656165376236386664300a323735386339386561613062366434
37386364396261653862656131303938666662346234643732376337376431646638316336333939
3361633630626661310a653561396632626431663938306266336433376237313836376634306461
32346135373736656432623266623063346261653163316163366330663234643036316263656163
30343161643662383061363034396538396137623236316130353133363133393137663339633165
36373930353530376635313632636434303138616365616430643563643837323564333661353039
38343131383138363539653535643963313961376236613962373539366237326435616465326636
61343535396165656239643733373965323731633233633031643239316366333633666532363631
64373666306234326138356434616430393066356163396434303237336439333461383061636261
31663032336535376638353237343538383934656562393536653261366134373266333631613236
36346539653961313366313062666333663830303033316335353038336565636566636561363738
64333634653239376236666631396564626530323236623831383834393134363439343461306465
36616664613839623737646433643461666336303131326539633564376139376461366639356236
35653938393936333436326561626431313235323934306462303966343734356139363237656432
37396565646439306233393735623235663936386631663364346135366465616264346561343165
61323664366336336262386264653739313364333837663536396261343664653231646135666436
34613734636565626362616334366231373933383564323038663737613861396330326437343539
36326363313962366265633261626634356662326563333330343161383536616466643330663437
37616432303532623432663762376430353538663830663833376465346333373639396136393532
39656539636235343034633161666439613565616631613461633064616532663764613639343138
31646137613065313034626339353966633930616561303561663534633132373432643361666134
61643164646236303766303566336437353234366437326233323638646536303562343339353437
66313065663439393366356162653161363435663361373237396237613037653262353232306339
34333263393732633866366532656162316635303734636134313432623833636431363233623335
3932633438366163643332653065613830613362663539343938
